0.0600
0.0730
0.0730
0.0860
0.0860
0.0990
0.0990
0.1120
0.1120
0.1250
0.1250
0.1380
0.1380
0.1640
0.1640
0.1900
0.1900
0.2160
0.2160
0.2160
0.2500
0.2500
0.2500
0.3125
0.3125
0.3125
0.3750
0.3750
0.3750
0.4375
0.4375
0.4375
0.4375
0.5000
0.5000
0.5000
0.5000
0.5625
0.5625
0.5625
0.5625
0.6250
0.6250
0.6250
0.6250
0.6250
0.6875
0.6875
0.6875
0.7500
0.7500
0.7500
0.7500
0.8125
0.8125
0.8125
0.8750
0.8750
0.8750
0.8750
0.8750
0.9375
0.9375
0.9375
1.0000
1.0000
1.0000
1.0000
1.0625
1.0625
1.0625
1.0625
1.1250
1.1250
1.1250
1.1250
1.1250
1.1875
1.1875
1.1875
1.1875
1.2500
1.2500
1.2500
1.2500
1.2500
1.3125
1.3125
1.3125
1.3125
1.3750
1.3750
1.3750
1.3750
1.3750
1.4375
1.4375
1.4375
1.4375
1.5000
1.5000
1.5000
1.5000
1.5000
1.5625
1.5625
1.5625
1.5625
1.6250
1.6250
1.6250
1.6250
1.6875
1.6875
1.6875
1.6875
1.7500
1.7500
1.7500
1.7500
1.8125
1.8125
1.8125
1.8750
1.8750
1.8750
1.9375
1.9375
1.9375
2.0000
2.0000
2.0000
2.0000
2.1250
2.1250
2.1250
2.2500
2.2500
2.2500
2.2500
2.3750
2.3750
2.3750
2.5000
2.5000
2.5000
2.5000
2.6250
2.6250
2.6250
2.7500
2.7500
2.7500
2.7500
2.8750
2.8750
2.8750
3.0000
3.0000
3.0000
3.0000
3.1250
3.1250
3.1250
3.2500
3.2500
3.2500
3.2500
3.3750
3.3750
3.3750
3.5000
3.5000
3.5000
3.5000
3.6250
3.6250
3.6250
3.7500
3.7500
3.7500
3.7500
3.8750
3.8750
3.8750
4.0000
4.0000
4.0000
4.0000
4.1250
4.1250
4.2500
4.2500
4.3750
4.3750
4.5000
4.5000
4.6250
4.6250
4.7500
4.7500
4.8750
4.8750
5.0000
5.0000
5.1250
5.1250
5.2500
5.2500
5.3750
5.3750
5.5000
5.5000
5.6250
5.6250
5.7500
5.7500
5.8750
5.8750
6.0000
6.0000
